2010 1 1 0 0 0 0 0 2.5 1.4 -291.6 0 0 1.1 41500
2010 1 1 0 10 0 0 0 2 2 -290.5 0 0 1.2 43000
2010 1 1 0 20 0 0 0 2.1 2 -292.4 0 0 1.2 40000
2010 1 1 0 30 0 0 0 1.9 2.2 -288 0 0 1.4 36100
2010 1 1 0 40 0 0 0 2.5 1.4 -285.8 0 0 1.2 40100
2010 1 1 0 50 0 0 0 2.4 1.4 -293.1 0 0 1.6 37100
2010 1 1 1 0 0 0 0 2.5 1.3 -285 0 0 0.9 33600
2010 1 1 1 10 0 0 0 2.3 0.8 -272.3 0 0 1.1 43500
2010 1 1 1 20 0 0 0 2.4 1.8 -279.8 0 0 0.8 34100
2010 1 1 1 30 0 0 0 2.2 1.9 -281.3 0 0 1 28100
2010 1 1 1 40 0 0 0 2.1 2 -283.6 0 0 1 32000
2010 1 1 1 50 0 0 0 2.7 -0.2 -276.2 0 0 1.1 25600
2010 1 1 2 0 0 0 0 1.8 2 -289.6 0 0 1 33400
2010 1 1 2 10 0 0 0 2.6 1.2 -280.5 0 0 1.1 26700
2010 1 1 2 20 0 0 0 2.2 1.7 -281.2 0 0 0.8 32100
2010 1 1 2 30 0 0 0 2.4 1.5 -283.6 0 0 0.9 26200
2010 1 1 2 40 0 0 0 2.4 1.1 -276.9 0 0 1.3 34300
2010 1 1 2 50 0 0 0 1.5 1 -264.5 0 0 1.2 36000
2010 1 1 3 0 0 0 0 1.3 1.8 -268.6 0 0 1.2 35200
2010 1 1 3 10 0 0 0 2.3 1 -265 0 0 1 35400
2010 1 1 3 20 0 0 0 2.5 1.2 -275.6 0 0 1.3 31600
2010 1 1 3 30 0 0 0 2.7 0.5 -274.7 0 0 1.2 34000
2010 1 1 3 40 0 0 0 2.5 1.1 -267.9 0 0 0.8 23200
2010 1 1 3 50 0 0 0 2.8 0.4 -280 0 0 1.2 25200
2010 1 1 4 0 0 0 0 2.7 -0.5 -288.2 0 0 1.2 29300
2010 1 1 4 10 0 0 0 2.6 0.8 -282.4 0 0 1.3 32100
2010 1 1 4 20 0 0 0 2.6 0.5 -293.3 0 0 1.2 26600
2010 1 1 4 30 0 0 0 2.6 0.4 -276.4 0 0 1.4 30600
2010 1 1 4 40 0 0 0 2.5 -0.1 -272 0 0 1.6 22100
2010 1 1 4 50 0 0 0 2.7 0.3 -279.6 0 0 1.2 27500
2010 1 1 5 0 0 0 0 2.6 0.4 -272 0 0 0.6 20700
2010 1 1 5 10 0 0 0 2.2 1.6 -268.8 0 0 1.1 16800
2010 1 1 5 20 0 0 0 2 1.8 -276.7 0 0 0.9 26700
2010 1 1 5 30 0 0 0 2.5 1.1 -278.1 0 0 0.9 22600
2010 1 1 5 40 0 0 0 2.4 1.2 -267.2 0 0 1.3 13800
2010 1 1 5 50 0 0 0 2 1.9 -273.4 0 0 1.4 27000
2010 1 1 6 0 0 0 0 2.2 1.2 -273.1 0 0 0.9 24200
2010 1 1 6 10 0 0 0 2.1 0 -267.8 0 0 1.4 32900
2010 1 1 6 20 0 0 0 1.4 1.9 -273.5 0 0 1.3 25300
2010 1 1 6 30 0 0 0 0.3 -2.1 -292.9 0 0 1.3 39800
2010 1 1 6 40 0 0 0 1.2 -0.5 -293.4 0 0 1.3 58900
2010 1 1 6 50 0 0 0 2.3 1.3 -275.9 0 0 1 24500
2010 1 1 7 0 0 0 0 2.2 1.7 -283.8 0 0 0.7 32000
2010 1 1 7 10 0 0 0 2.1 2 -279.4 0 0 0.7 29000
2010 1 1 7 20 0 0 0 2.2 2.1 -270 0 0 0.8 17200
2010 1 1 7 30 0 0 0 2 2.2 -283.8 0 0 0.7 28000
2010 1 1 7 40 0 0 0 1.5 2.2 -278.6 0 0 1 26700
2010 1 1 7 50 0 0 0 2.4 0.8 -291.4 0 0 1.3 42900
2010 1 1 8 0 0 0 0 1.4 -1.6 -297.1 0 0 1.5 37500
2010 1 1 8 10 0 0 0 2.1 -0.2 -297.4 0 0 1.5 37100
2010 1 1 8 20 0 0 0 1.9 -0.3 -299.5 0 0 1.8 38600
2010 1 1 8 30 0 0 0 1.6 -0.6 -300 0 0 1.6 39700
2010 1 1 8 40 0 0 0 2.4 0.2 -293.4 0 0 1.4 33500
2010 1 1 8 50 0 0 0 1.8 1.2 -298.2 0 0 1.3 35800
2010 1 1 9 0 0 0 0 2.4 -0.3 -292.2 0 0 1.5 33200
2010 1 1 9 10 0 0 0 2.3 1.1 -290.1 0 0 1.2 32400
2010 1 1 9 20 0 0 0 2 1 -299.2 0 0 1.4 33400
2010 1 1 9 30 0 0 0 1.4 1.7 -300.6 0 0 1.5 40400
2010 1 1 9 40 0 0 0 2 2 -287.6 0 0 1.1 26800
2010 1 1 9 50 0 0 0 1.4 1.7 -302.9 0 0 1.6 34300
2010 1 1 10 0 0 0 0 1.6 1.9 -300.8 0 0 1.6 34200
2010 1 1 10 10 0 0 0 2.7 -0.5 -283.5 0 0 1.5 31800
2010 1 1 10 20 0 0 0 2.8 0.8 -293.4 0 0 1.2 29600
2010 1 1 10 30 0 0 0 2.7 0.7 -289.5 0 0 1.1 25400
2010 1 1 10 40 0 0 0 2.8 -0.4 -290.7 0 0 1.7 29900
2010 1 1 10 50 0 0 0 2.6 -0.1 -293.9 0 0 1.6 38100
2010 1 1 11 0 0 0 0 2.5 1.2 -292.8 0 0 1.1 31500
2010 1 1 11 10 0 0 0 2.9 1.1 -283.3 0 0 1.1 36100
2010 1 1 11 20 0 0 0 2.9 0.9 -279 0 0 1.1 48400
2010 1 1 11 30 0 0 0 3 1.4 -276 0 0 1.2 22800
2010 1 1 11 40 0 0 0 3.2 0.8 -281.5 0 0 1.4 27600
2010 1 1 11 50 0 0 0 3.2 0.8 -281.8 0 0 1.3 27000
2010 1 1 12 0 0 0 0 2.9 1.8 -276.2 0 0 1 28600
2010 1 1 12 10 0 0 0 3.3 0.5 -274.6 0 0 1.3 27900
2010 1 1 12 20 0 0 0 3.1 1.1 -276.6 0 0 1.3 30400
2010 1 1 12 30 0 0 0 2.8 1.8 -275.3 0 0 1.2 34100
2010 1 1 12 40 0 0 0 3.8 0.8 -284.6 0 0 1.5 19800
2010 1 1 12 50 0 0 0 3.5 2.1 -287.2 0 0 1.5 27600
2010 1 1 13 0 0 0 0 4.1 1 -283.7 0 0 1.3 21500
2010 1 1 13 10 0 0 0 4.4 0.2 -292.9 0 0 1.8 20900
2010 1 1 13 20 0 0 0 4.3 -0.4 -294.2 0 0 1.3 23800
2010 1 1 13 30 0 0 0 4.4 0.2 -291.1 0 0 1.5 25500
2010 1 1 13 40 0 0 0 3.4 -1.5 -307 0 0 2.6 25700
2010 1 1 13 50 0 0 0 3.9 -0.4 -302.1 0 0 2.2 24600
2010 1 1 14 0 0 0 0 4 -0.6 -299.7 0 0 2.2 22000
2010 1 1 14 10 0 0 0 3.1 1.1 -284 0 0 1.8 38900
2010 1 1 14 20 0 0 0 3.5 0.6 -285.1 0 0 1.5 37300
2010 1 1 14 30 0 0 0 3.8 1 -291.2 0 0 1.7 33400
2010 1 1 14 40 0 0 0 3.9 0.9 -288.8 0 0 1.9 35000
2010 1 1 14 50 0 0 0 4.2 0.4 -296 0 0 1.8 28300
2010 1 1 15 0 0 0 0 4.1 0.2 -299.4 0 0 2.2 31600
2010 1 1 15 10 0 0 0 4.1 0.1 -305.5 0 0 2.3 26700
2010 1 1 15 20 0 0 0 3.4 2.1 -305.3 0 0 2 25700
2010 1 1 15 30 0 0 0 0.4 3.8 -301.6 0 0 2.9 45600
2010 1 1 15 40 0 0 0 2.7 -0.6 -286.3 0 0 2.6 67600
2010 1 1 15 50 0 0 0 2.8 0 -283.6 0 0 2.5 60900
2010 1 1 16 0 0 0 0 2.2 -1.3 -284.1 0 0 2.3 73500
2010 1 1 16 10 0 0 0 1.3 -2.8 -294 0 0 2.2 50600
2010 1 1 16 20 0 0 0 1.4 -0.2 -271.5 0 0 1.7 70200
2010 1 1 16 30 0 0 0 1.5 1.2 -282 0 0 2.5 64900
2010 1 1 16 40 0 0 0 2.6 0.5 -287.3 0 0 1.7 70600
2010 1 1 16 50 0 0 0 2 -0.1 -278.4 0 0 2.2 78500
2010 1 1 17 0 0 0 0 3.5 1.3 -289 0 0 1.7 39700
2010 1 1 17 10 0 0 0 3.1 2.5 -290.2 0 0 2 33600
2010 1 1 17 20 0 0 0 2.9 -1.6 -277.2 0 0 2.7 37400
2010 1 1 17 30 0 0 0 3.6 -0.3 -278.9 0 0 2.4 41400
2010 1 1 17 40 0 0 0 3.7 -0.6 -280.6 0 0 2.6 46800
2010 1 1 17 50 0 0 0 4 -0.3 -281 0 0 2.7 37400
2010 1 1 18 0 0 0 0 4.2 0.9 -290 0 0 3.2 36900
2010 1 1 18 10 0 0 0 4.3 0.8 -289.4 0 0 3 33900
2010 1 1 18 20 0 0 0 3.7 0.6 -285.8 0 0 3.1 32700
2010 1 1 18 30 0 0 0 3.4 2.3 -282.1 0 0 3.2 32400
2010 1 1 18 40 0 0 0 2.9 2.7 -288.9 0 0 3.6 34200
2010 1 1 18 50 0 0 0 3.3 1.6 -288.2 0 0 3.5 37000
2010 1 1 19 0 0 0 0 3.2 1.3 -286.3 0 0 3.4 40100
2010 1 1 19 10 0 0 0 3.7 0.7 -273 0 0 3.2 37100
2010 1 1 19 20 0 0 0 2.8 1.7 -285.4 0 0 3.7 39800
2010 1 1 19 30 0 0 0 3.1 1.9 -289 0 0 3.8 36600
2010 1 1 19 40 0 0 0 2.9 2.7 -286.9 0 0 4.1 38200
2010 1 1 19 50 0 0 0 3.6 1.5 -290.1 0 0 4 41500
2010 1 1 20 0 0 0 0 3.5 -1 -295.1 0 0 4.4 40800
2010 1 1 20 10 0 0 0 3.5 1.9 -287.9 0 0 3.9 31500
2010 1 1 20 20 0 0 0 4 0.5 -288.2 0 0 3.8 34900
2010 1 1 20 30 0 0 0 3.9 1.2 -286.9 0 0 4 36700
2010 1 1 20 40 0 0 0 4.2 0.9 -285.9 0 0 4 33600
2010 1 1 20 50 0 0 0 3.4 -1.3 -289.4 0 0 4.6 44100
2010 1 1 21 0 0 0 0 4.8 1.3 -289.7 0 0 3.8 30200
2010 1 1 21 10 0 0 0 4.6 1.8 -289.6 0 0 4.4 30300
2010 1 1 21 20 0 0 0 4.2 -0.8 -289 0 0 4.9 28800
2010 1 1 21 30 0 0 0 4.9 0.9 -291 0 0 4.1 28300
2010 1 1 21 40 0 0 0 3.5 3.6 -298.2 0 0 6.5 23100
2010 1 1 21 50 0 0 0 4.5 2.9 -294.4 0 0 6.6 22900
2010 1 1 22 0 0 0 0 4.7 2.5 -298.6 0 0 6.2 20700
2010 1 1 22 10 0 0 0 4.7 1.7 -293.9 0 0 5.8 22100
2010 1 1 22 20 0 0 0 5.4 -1.1 -292.1 0 0 4.3 20800
2010 1 1 22 30 0 0 0 5.4 -1 -297.1 0 0 4.6 23700
2010 1 1 22 40 0 0 0 5.7 -1.3 -296 0 0 4.9 17200
2010 1 1 22 50 0 0 0 5.4 -0.1 -295.4 0 0 6 16000
2010 1 1 23 0 0 0 0 5.7 0.8 -294.1 0 0 5.9 13600
2010 1 1 23 10 0 0 0 1 6.5 -305.2 0 0 7.8 22200
2010 1 1 23 20 0 0 0 -1.3 7.4 -306.7 0 0 4.9 13600
2010 1 1 23 30 0 0 0 -0.9 7.5 -306.9 0 0 3.9 19200
2010 1 1 23 40 0 0 0 -0.3 7.6 -304 0 0 3.9 19400
2010 1 1 23 50 0 0 0 0.5 7.5 -305.5 0 0 3.9 20400
2010 1 2 0 0 0 0 0 0.9 7.4 -301.8 0 0 3.4 20400
2010 1 2 0 10 0 0 0 1 7.4 -302.1 0 0 3.5 20400
2010 1 2 0 20 0 0 0 1.7 7.4 -305.5 0 0 3.6 17000
2010 1 2 0 30 0 0 0 2 7.3 -303.2 0 0 3.5 18200
2010 1 2 0 40 0 0 0 2.1 7.3 -301.7 0 0 3.7 19800
2010 1 2 0 50 0 0 0 -0.1 7.7 -303.4 0 0 4 12600
2010 1 2 1 0 0 0 0 -1.5 7.6 -300.3 0 0 3.4 12000
2010 1 2 1 10 0 0 0 -2.6 6.5 -303.2 0 0 4 21100
2010 1 2 1 20 0 0 0 -3.8 5.2 -310.7 0 0 4.6 39100
2010 1 2 1 30 0 0 0 -3.8 5.1 -309.5 0 0 5 32700
2010 1 2 1 40 0 0 0 -2.4 6.1 -310.7 0 0 4.5 25600
2010 1 2 1 50 0 0 0 0.5 6.6 -310.6 0 0 4.3 21600
2010 1 2 2 0 0 0 0 -0.8 6.5 -311.4 0 0 4.1 20100
2010 1 2 2 10 0 0 0 -3.2 6.2 -305.5 0 0 3.2 26600
2010 1 2 2 20 0 0 0 -1.5 6.1 -307.2 0 0 4.1 18300
2010 1 2 2 30 0 0 0 -0.3 6.9 -310.6 0 0 4.2 19700
2010 1 2 2 40 0 0 0 -2.2 6.6 -305.9 0 0 3.2 20900
2010 1 2 2 50 0 0 0 -2.9 6.4 -305.9 0 0 3.3 17000
2010 1 2 3 0 0 0 0 -3.4 6 -310.6 0 0 4 17300
2010 1 2 3 10 0 0 0 -3.5 5.8 -307.1 0 0 3.6 22100
2010 1 2 3 20 0 0 0 -4 6 -303.8 0 0 2.7 24200
2010 1 2 3 30 0 0 0 -4.5 6 -305 0 0 3 18300
2010 1 2 3 40 0 0 0 -4.4 5.8 -305.9 0 0 2.7 19100
2010 1 2 3 50 0 0 0 -4.9 5.4 -305 0 0 2.9 15300
2010 1 2 4 0 0 0 0 -5.2 5.4 -304.2 0 0 2.4 17300
2010 1 2 4 10 0 0 0 -4 6.3 -303.4 0 0 2.3 16100
2010 1 2 4 20 0 0 0 -2.8 6.5 -305.7 0 0 3.1 10800
2010 1 2 4 30 0 0 0 -5.6 5.1 -307.6 0 0 1.8 20800
2010 1 2 4 40 0 0 0 -4.1 5.7 -309.8 0 0 4 17400
2010 1 2 4 50 0 0 0 -0.8 6.8 -311.7 0 0 4.8 19300
2010 1 2 5 0 0 0 0 -4 6.4 -310.3 0 0 2.7 14300
2010 1 2 5 10 0 0 0 -3.8 6.6 -308.6 0 0 2.5 14900
2010 1 2 5 20 0 0 0 -2.8 7 -307.7 0 0 2.2 17200
2010 1 2 5 30 0 0 0 -2.5 7.2 -309.9 0 0 2.9 15100
2010 1 2 5 40 0 0 0 -2.3 7.3 -304.5 0 0 1.9 18700
2010 1 2 5 50 0 0 0 -2.6 7.1 -307.1 0 0 2.6 14700
2010 1 2 6 0 0 0 0 -1 7.6 -305.7 0 0 2.2 16800
2010 1 2 6 10 0 0 0 -0.3 7.8 -302 0 0 1.6 21100
2010 1 2 6 20 0 0 0 -0.1 7.7 -300.3 0 0 1.4 24000
2010 1 2 6 30 0 0 0 1 7.6 -300.2 0 0 1.4 27200
2010 1 2 6 40 0 0 0 -0.7 7.4 -308.1 0 0 2.5 13300
2010 1 2 6 50 0 0 0 -0.6 7.4 -307.3 0 0 2.5 12900
2010 1 2 7 0 0 0 0 1.9 6.7 -307.6 0 0 2.8 21400
2010 1 2 7 10 0 0 0 2.3 5.8 -307 0 0 4.4 18200
2010 1 2 7 20 0 0 0 2.7 5.7 -305.1 0 0 4.1 20100
2010 1 2 7 30 0 0 0 2 6 -305.1 0 0 3.7 16900
2010 1 2 7 40 0 0 0 1.5 6.6 -306.6 0 0 4 17000
2010 1 2 7 50 0 0 0 2.2 6.1 -302.5 0 0 3 24300
2010 1 2 8 0 0 0 0 3.5 5.4 -300.9 0 0 3.7 17800
2010 1 2 8 10 0 0 0 4.2 5.3 -293 0 0 2.7 18600
2010 1 2 8 20 0 0 0 4.4 5.1 -298.5 0 0 2.7 17700
2010 1 2 8 30 0 0 0 4.4 5 -294.5 0 0 2.8 18300
2010 1 2 8 40 0 0 0 4.6 5 -298.3 0 0 2.3 20100
2010 1 2 8 50 0 0 0 4.9 4.7 -298.4 0 0 1.6 22300
2010 1 2 9 0 0 0 0 5.3 4.2 -300.9 0 0 2.2 20800
2010 1 2 9 10 0 0 0 4.7 4.4 -288 0 0 3.4 15400
2010 1 2 9 20 0 0 0 4.5 4.8 -288.3 0 0 3 13300
2010 1 2 9 30 0 0 0 4.9 4.5 -286.4 0 0 2.6 13100
2010 1 2 9 40 0 0 0 4.6 5 -291.1 0 0 2 17900
2010 1 2 9 50 0 0 0 5.3 4 -289.9 0 0 2.7 17200
2010 1 2 10 0 0 0 0 4.8 4.8 -286 0 0 2 14000
2010 1 2 10 10 0 0 0 5.1 4 -285.7 0 0 2.7 15900
2010 1 2 10 20 0 0 0 5.7 3.4 -285.5 0 0 2.9 17500
2010 1 2 10 30 0 0 0 5.3 3.9 -284.8 0 0 2.3 17600
2010 1 2 10 40 0 0 0 5.3 4.1 -283.1 0 0 1.9 20300
2010 1 2 10 50 0 0 0 4.3 4.9 -285.4 0 0 2.2 19000
2010 1 2 11 0 0 0 0 5.2 4.1 -286.6 0 0 2.2 18700
2010 1 2 11 10 0 0 0 5 4.2 -286.2 0 0 2.6 21300
2010 1 2 11 20 0 0 0 4.4 4.9 -285.5 0 0 2.2 19700
2010 1 2 11 30 0 0 0 5.5 3.6 -286.9 0 0 2.3 24500
2010 1 2 11 40 0 0 0 6.8 2.2 -285 0 0 2.3 18300
2010 1 2 11 50 0 0 0 5.5 4.2 -281 0 0 2.4 17300
2010 1 2 12 0 0 0 0 6.5 3 -285.7 0 0 2.1 15800
2010 1 2 12 10 0 0 0 5.2 4.3 -281.9 0 0 2.3 31600
2010 1 2 12 20 0 0 0 5.6 4 -278.4 0 0 2 19400
2010 1 2 12 30 0 0 0 6.1 3.1 -285.2 0 0 2 21400
2010 1 2 12 40 0 0 0 5.9 3.5 -289.6 0 0 2.4 22000
2010 1 2 12 50 0 0 0 6.4 2.5 -286.2 0 0 2.3 23400
2010 1 2 13 0 0 0 0 6.5 2.2 -283.3 0 0 2 21400
2010 1 2 13 10 0 0 0 6.4 1.6 -286.7 0 0 2.3 19900
2010 1 2 13 20 0 0 0 6.1 2.6 -283.8 0 0 2.3 23100
2010 1 2 13 30 0 0 0 6.3 2.5 -283.5 0 0 2.4 20700
2010 1 2 13 40 0 0 0 6.2 2.6 -284.3 0 0 2.2 25700
2010 1 2 13 50 0 0 0 6.2 2.9 -279.7 0 0 2.3 17000
2010 1 2 14 0 0 0 0 6.2 2.8 -283.2 0 0 2.2 20600
2010 1 2 14 10 0 0 0 6.1 3.3 -280.8 0 0 2.5 20900
2010 1 2 14 20 0 0 0 5.7 3.7 -281.6 0 0 2.7 19600
2010 1 2 14 30 0 0 0 5.6 4 -284.9 0 0 2.1 23600
2010 1 2 14 40 0 0 0 5.3 4.5 -281.5 0 0 2.5 23800
2010 1 2 14 50 0 0 0 5.4 4.4 -283.4 0 0 2.3 21100
2010 1 2 15 0 0 0 0 5.6 4.2 -284.4 0 0 1.9 21400
2010 1 2 15 10 0 0 0 5.8 4 -287.5 0 0 2.4 20400
2010 1 2 15 20 0 0 0 5.1 4.8 -286.8 0 0 2.6 18700
2010 1 2 15 30 0 0 0 4.9 5 -286.1 0 0 2.5 22800
2010 1 2 15 40 0 0 0 2.2 5.2 -280.8 0 0 3 44500
2010 1 2 15 50 0 0 0 2 5.8 -282.9 0 0 3.1 40200
2010 1 2 16 0 0 0 0 2.3 5.8 -286.5 0 0 3.3 38900
2010 1 2 16 10 0 0 0 2.9 5.7 -282.4 0 0 2.3 41700
2010 1 2 16 20 0 0 0 4.1 5.6 -298.1 0 0 3 60300
2010 1 2 16 30 0 0 0 3.4 4.2 -279.4 0 0 3.4 46400
2010 1 2 16 40 0 0 0 4.5 4.7 -257.3 0 0 3.1 29500
2010 1 2 16 50 0 0 0 5.7 2.9 -296.1 0 0 3.4 51100
2010 1 2 17 0 0 0 0 5.8 3.2 -288.7 0 0 3.2 46200
2010 1 2 17 10 0 0 0 5.9 2.2 -287.9 0 0 3.1 86600
2010 1 2 17 20 0 0 0 5.9 3.1 -275.3 0 0 2.5 33200
2010 1 2 17 30 0 0 0 3.6 5.5 -277.2 0 0 2.3 28600
2010 1 2 17 40 0 0 0 4.3 5.3 -272.8 0 0 2.6 22700
2010 1 2 17 50 0 0 0 5.2 4.8 -275.5 0 0 2.3 21300
2010 1 2 18 0 0 0 0 6.1 3.6 -281.2 0 0 2.8 18700
2010 1 2 18 10 0 0 0 6 4.5 -280.2 0 0 2 19500
2010 1 2 18 20 0 0 0 5 5.6 -276.5 0 0 2.4 15600
2010 1 2 18 30 0 0 0 6.6 3.4 -277.7 0 0 2 20300
2010 1 2 18 40 0 0 0 6.7 3.5 -278.7 0 0 2 19600
2010 1 2 18 50 0 0 0 6.9 3.2 -278.3 0 0 2.2 21600
2010 1 2 19 0 0 0 0 7.6 1.8 -278.4 0 0 1.8 19100
2010 1 2 19 10 0 0 0 7.5 0.9 -276.5 0 0 2.3 19500
2010 1 2 19 20 0 0 0 7.4 -0.1 -275 0 0 2.1 18600
2010 1 2 19 30 0 0 0 6.9 2 -279.8 0 0 2.7 16000
2010 1 2 19 40 0 0 0 7 1.3 -277.5 0 0 2.3 17600
2010 1 2 19 50 0 0 0 7 1.3 -275.5 0 0 2.4 16800
2010 1 2 20 0 0 0 0 6.8 1.7 -278.1 0 0 2.2 16800
2010 1 2 20 10 0 0 0 6.9 1.4 -277.6 0 0 2.1 16600
2010 1 2 20 20 0 0 0 6.7 1 -270.2 0 0 2.3 31200
2010 1 2 20 30 0 0 0 6.7 -1.9 -277.1 0 0 2.7 26800
2010 1 2 20 40 0 0 0 6.5 -1.1 -271.4 0 0 2.7 30000
2010 1 2 20 50 0 0 0 6.7 -0.4 -277.2 0 0 2.8 38900
2010 1 2 21 0 0 0 0 6.7 -0.3 -273.8 0 0 2.4 43200
2010 1 2 21 10 0 0 0 6.4 0.4 -280.1 0 0 2.9 55000
2010 1 2 21 20 0 0 0 6.2 -0.7 -274.6 0 0 2.8 46300
2010 1 2 21 30 0 0 0 4.9 -3.9 -286.1 0 0 2.4 65200
2010 1 2 21 40 0 0 0 5.4 -1.7 -258.9 0 0 3.1 25300
2010 1 2 21 50 0 0 0 5.6 -2.4 -272.9 0 0 2.2 65400
2010 1 2 22 0 0 0 0 5.8 -1.3 -265.7 0 0 2.4 63100
2010 1 2 22 10 0 0 0 4.7 -3.5 -282.1 0 0 2.8 74600
2010 1 2 22 20 0 0 0 4.5 -3.5 -285.6 0 0 2.7 73200
2010 1 2 22 30 0 0 0 5.3 -2 -272.8 0 0 2.4 74100
2010 1 2 22 40 0 0 0 5.2 0.9 -252.8 0 0 1.2 28200
2010 1 2 22 50 0 0 0 5.3 0.8 -271.8 0 0 2.4 71800
2010 1 2 23 0 0 0 0 5.4 0.2 -266.2 0 0 2.6 35700
2010 1 2 23 10 0 0 0 5.4 -1.2 -271.5 0 0 3 57200
2010 1 2 23 20 0 0 0 5.3 -1.6 -273.8 0 0 2.9 57200
2010 1 2 23 30 0 0 0 4.5 -3 -286.4 0 0 2.4 101000
2010 1 2 23 40 0 0 0 4.2 -3.4 -283.6 0 0 2.6 63000
2010 1 2 23 50 0 0 0 4.9 -2.2 -277.4 0 0 3.2 66700
2010 1 3 0 0 0 0 0 4.7 -2.6 -281.4 0 0 2.2 103000
2010 1 3 0 10 0 0 0 4.7 -1.9 -263.1 0 0 2.4 86700
2010 1 3 0 20 0 0 0 4.4 -2.8 -264.5 0 0 3 65000
2010 1 3 0 30 0 0 0 3.3 -4 -285.9 0 0 2.3 95300
2010 1 3 0 40 0 0 0 4.2 -3.9 -258.6 0 0 1.1 39400
2010 1 3 0 50 0 0 0 4.2 -3.1 -294 0 0 2.7 61700
2010 1 3 1 0 0 0 0 5.2 -2.2 -278 0 0 2.2 52600
2010 1 3 1 10 0 0 0 5.2 -1.4 -283.3 0 0 2.5 61700
2010 1 3 1 20 0 0 0 5.4 0.2 -288.2 0 0 1.9 69500
2010 1 3 1 30 0 0 0 5.3 -1.4 -244.4 0 0 0.6 23300
2010 1 3 1 40 0 0 0 5 1.1 -257.1 0 0 1.7 32000
2010 1 3 1 50 0 0 0 5.2 -0.2 -268.3 0 0 1.6 77300
2010 1 3 2 0 0 0 0 5.2 0 -285.3 0 0 1.7 76400
2010 1 3 2 10 0 0 0 5.2 -0.7 -282.8 0 0 1.9 76700
2010 1 3 2 20 0 0 0 5.1 -2.4 -271 0 0 1.5 87700
2010 1 3 2 30 0 0 0 5.1 -2.5 -271.2 0 0 2 69500
2010 1 3 2 40 0 0 0 5 -2.4 -283.9 0 0 1.7 88900
2010 1 3 2 50 0 0 0 4.8 -3.2 -279.3 0 0 1.7 80500
2010 1 3 3 0 0 0 0 5.4 -2.9 -274.7 0 0 1.7 67300
2010 1 3 3 10 0 0 0 5.8 0.1 -282.1 0 0 1.9 69300
2010 1 3 3 20 0 0 0 5.5 -1 -270.2 0 0 1.8 59800
2010 1 3 3 30 0 0 0 3.3 1.9 -246.3 0 0 2.7 39300
2010 1 3 3 40 0 0 0 4.7 0.7 -256.5 0 0 1.8 74300
2010 1 3 3 50 0 0 0 5.1 -0.3 -250.4 0 0 1.7 37600
2010 1 3 4 0 0 0 0 5.3 -0.9 -262.6 0 0 1.8 78500
2010 1 3 4 10 0 0 0 5.4 -2 -267.9 0 0 2 70900
2010 1 3 4 20 0 0 0 5.3 -2.5 -262.7 0 0 2.4 49100
2010 1 3 4 30 0 0 0 5.6 -1.6 -267 0 0 1.9 51600
2010 1 3 4 40 0 0 0 4.5 -4.2 -271 0 0 2.4 57200
2010 1 3 4 50 0 0 0 5.1 -3.3 -268.6 0 0 2.1 58200
2010 1 3 5 0 0 0 0 4.7 -4.7 -270.4 0 0 2.9 35400
2010 1 3 5 10 0 0 0 4.5 -4.9 -276.8 0 0 2.7 43900
2010 1 3 5 20 0 0 0 5.5 -0.9 -270.7 0 0 2.9 34400
2010 1 3 5 30 0 0 0 5.7 -2 -275.1 0 0 3.6 34000
2010 1 3 5 40 0 0 0 5.4 -3 -270.9 0 0 2.2 30600
2010 1 3 5 50 0 0 0 5.7 -2.8 -276.5 0 0 3.6 31300
2010 1 3 6 0 0 0 0 5.4 -3.9 -274.5 0 0 3.5 35900
2010 1 3 6 10 0 0 0 4.6 -5 -281 0 0 3.2 42200
2010 1 3 6 20 0 0 0 5.7 -3.6 -279.6 0 0 3.5 34500
2010 1 3 6 30 0 0 0 6.1 -3.3 -279.5 0 0 3.6 37500
2010 1 3 6 40 0 0 0 6.2 -2.8 -278.7 0 0 3.4 28000
2010 1 3 6 50 0 0 0 5.6 -3.3 -275 0 0 3.2 34700
2010 1 3 7 0 0 0 0 5.7 -3.2 -274.9 0 0 2.9 35900
2010 1 3 7 10 0 0 0 5.7 -3.8 -280.3 0 0 3.7 34500
2010 1 3 7 20 0 0 0 5.7 -3.7 -281.6 0 0 3.6 35300
2010 1 3 7 30 0 0 0 5.6 -4.3 -279.1 0 0 3.1 32100
2010 1 3 7 40 0 0 0 5.2 -4.8 -278.6 0 0 3.9 35100
2010 1 3 7 50 0 0 0 5 -5 -279.4 0 0 3.6 30000
2010 1 3 8 0 0 0 0 5.3 -5 -279.7 0 0 3.6 33800
2010 1 3 8 10 0 0 0 6.2 -2.8 -282 0 0 4.6 30100
2010 1 3 8 20 0 0 0 6 -3.6 -281.2 0 0 4.2 26200
2010 1 3 8 30 0 0 0 5.8 -3.6 -284 0 0 4.3 29200
2010 1 3 8 40 0 0 0 5.8 -3.7 -280.4 0 0 4.3 27100
2010 1 3 8 50 0 0 0 5.9 -3.9 -281.7 0 0 4.7 25700
2010 1 3 9 0 0 0 0 6.5 -3.1 -283.2 0 0 4.3 26700
2010 1 3 9 10 0 0 0 5.8 -4.5 -280.7 0 0 5.4 22300
2010 1 3 9 20 0 0 0 5.8 -4.9 -281.8 0 0 4.9 20400
2010 1 3 9 30 0 0 0 5.6 -5.5 -286.8 0 0 5.4 25200
2010 1 3 9 40 0 0 0 4.8 -6.2 -287.3 0 0 6.6 26800
2010 1 3 9 50 0 0 0 5.4 -5.2 -287.7 0 0 6.7 23000
2010 1 3 10 0 0 0 0 5.1 -5.2 -289.9 0 0 7.3 26500
2010 1 3 10 10 0 0 0 2.9 -6.2 -288.1 0 0 7.2 23900
2010 1 3 10 20 0 0 0 2.1 -6.9 -285.2 0 0 6.4 23500
2010 1 3 10 30 0 0 0 1.6 -7.1 -288.2 0 0 7.3 29400
2010 1 3 10 40 0 0 0 2.2 -6.2 -287.6 0 0 6.4 26500
2010 1 3 10 50 0 0 0 1 -7 -289.7 0 0 5.8 26300
2010 1 3 11 0 0 0 0 3 -5.9 -288.9 0 0 6.8 25100
2010 1 3 11 10 0 0 0 0.9 4.8 -291.6 0 0 7.6 42200
2010 1 3 11 20 0 0 0 -6.7 2.2 -297.2 0 0 4.9 51300
2010 1 3 11 30 0 0 0 -7.9 -1.5 -295.9 0 0 4.1 53000
2010 1 3 11 40 0 0 0 -6.1 -3.9 -295.3 0 0 4 64800
2010 1 3 11 50 0 0 0 -5.9 -4.9 -298.1 0 0 4 57700
2010 1 3 12 0 0 0 0 -0.6 -6.1 -297.3 0 0 6.9 46800
2010 1 3 12 10 0 0 0 -6.3 -2.6 -298.8 0 0 5 47500
2010 1 3 12 20 0 0 0 -4.4 -5.4 -297.9 0 0 4.2 50200
2010 1 3 12 30 0 0 0 -6.1 -1.2 -297.4 0 0 5.1 56300
2010 1 3 12 40 0 0 0 -4.9 -3.2 -300.9 0 0 5.5 59000
2010 1 3 12 50 0 0 0 -4.9 -4 -304.6 0 0 4 38900
2010 1 3 13 0 0 0 0 -6.3 1.5 -298.7 0 0 5 58300
2010 1 3 13 10 0 0 0 -7.2 1.8 -297.8 0 0 4.9 53300
2010 1 3 13 20 0 0 0 -6.7 1.4 -294 0 0 4.6 52000
2010 1 3 13 30 0 0 0 -6.4 1.6 -294 0 0 4.3 56200
2010 1 3 13 40 0 0 0 -7 2.9 -295.7 0 0 3.7 60100
2010 1 3 13 50 0 0 0 -7.3 1.7 -292.6 0 0 3.4 70400
2010 1 3 14 0 0 0 0 -5.3 3.9 -288.3 0 0 4.1 69900
2010 1 3 14 10 0 0 0 -6.3 3.3 -292.2 0 0 4 62000
2010 1 3 14 20 0 0 0 -4.8 6.1 -296.6 0 0 4.3 69400
2010 1 3 14 30 0 0 0 -3.9 5.5 -289.3 0 0 3.6 73000
2010 1 3 14 40 0 0 0 -0.3 7.5 -290.6 0 0 4.5 61500
2010 1 3 14 50 0 0 0 -4.9 -4.1 -294.7 0 0 4.9 62700
2010 1 3 15 0 0 0 0 -3.7 -5.4 -293.3 0 0 4.2 59000
2010 1 3 15 10 0 0 0 -6.1 1.8 -294.2 0 0 4.5 51300
2010 1 3 15 20 0 0 0 -6.5 -1.3 -298.7 0 0 5 49000
2010 1 3 15 30 0 0 0 -6.2 -1.3 -296 0 0 5.3 45100
2010 1 3 15 40 0 0 0 -5 3.7 -302.9 0 0 5.2 62500
2010 1 3 15 50 0 0 0 -5.8 4 -302 0 0 3.6 72400
2010 1 3 16 0 0 0 0 -5.9 3.4 -302.2 0 0 5 58400
2010 1 3 16 10 0 0 0 -4.2 5.1 -316.9 0 0 5 43700
2010 1 3 16 20 0 0 0 -4.8 5.1 -312.1 0 0 4.2 54900
2010 1 3 16 30 0 0 0 -5.2 5.2 -307.6 0 0 4 60500
2010 1 3 16 40 0 0 0 -4 6.1 -306 0 0 3.5 64100
2010 1 3 16 50 0 0 0 -4.7 5.9 -303.9 0 0 3.8 63400
2010 1 3 17 0 0 0 0 -2.3 7 -307.9 0 0 6.8 49300
2010 1 3 17 10 0 0 0 -1.6 6.7 -294.9 0 0 3.8 90600
2010 1 3 17 20 0 0 0 0.2 5 -304.5 0 0 6.6 80400
2010 1 3 17 30 0 0 0 -1 5.1 -303.8 0 0 6.6 79400
2010 1 3 17 40 0 0 0 -1.1 5.1 -291.4 0 0 4.7 97600
2010 1 3 17 50 0 0 0 -1.1 4.2 -287.3 0 0 4.2 104000
2010 1 3 18 0 0 0 0 -0.9 5 -289.7 0 0 4.6 104000
2010 1 3 18 10 0 0 0 -1 5.4 -284 0 0 4 97600
2010 1 3 18 20 0 0 0 0.6 5.2 -283.3 0 0 4.6 84800
2010 1 3 18 30 0 0 0 1.3 3.6 -263.9 0 0 3.6 21600
2010 1 3 18 40 0 0 0 2.7 3.2 -292 0 0 4.4 93700
2010 1 3 18 50 0 0 0 -2.1 4.2 -293.6 0 0 4.2 97800
2010 1 3 19 0 0 0 0 1.3 4.6 -292.2 0 0 5.1 91200
2010 1 3 19 10 0 0 0 -0.5 5.4 -290.9 0 0 4.8 76800
2010 1 3 19 20 0 0 0 4.2 1.2 -299.1 0 0 6 69100
2010 1 3 19 30 0 0 0 3.8 1.4 -297.1 0 0 5.4 67800
2010 1 3 19 40 0 0 0 3.3 2 -294.3 0 0 5.7 82000
2010 1 3 19 50 0 0 0 4 2 -293.8 0 0 5.1 68900
2010 1 3 20 0 0 0 0 3.1 1.5 -311.5 0 0 3.1 35200
2010 1 3 20 10 0 0 0 -1.2 -0.9 -290.9 0 0 4.5 87400
2010 1 3 20 20 0 0 0 -2.9 -0.9 -285.9 0 0 4.2 55800
2010 1 3 20 30 0 0 0 1.8 1.2 -301.1 0 0 7 73600
2010 1 3 20 40 0 0 0 1.4 1.5 -298 0 0 6 68500
2010 1 3 20 50 0 0 0 3.2 0.3 -292.4 0 0 4.7 76400
2010 1 3 21 0 0 0 0 3.6 0.6 -288.1 0 0 4.7 67200
2010 1 3 21 10 0 0 0 2.2 -1.8 -292.9 0 0 4.9 83300
2010 1 3 21 20 0 0 0 4.4 -0.3 -293.5 0 0 4.4 61600
2010 1 3 21 30 0 0 0 3.9 -0 -300.2 0 0 5.7 66000
2010 1 3 21 40 0 0 0 3.4 -0.8 -302.6 0 0 4.3 46500
2010 1 3 21 50 0 0 0 0.9 -3.2 -297 0 0 5.6 73500
2010 1 3 22 0 0 0 0 -3.3 -2 -292.3 0 0 4.9 60500
2010 1 3 22 10 0 0 0 -0.1 -0.3 -299.2 0 0 6.5 93000
2010 1 3 22 20 0 0 0 -4.2 -2.4 -305.1 0 0 5.5 79400
2010 1 3 22 30 0 0 0 -3.7 -3.9 -303.9 0 0 5.4 54600
2010 1 3 22 40 0 0 0 -2.9 -3.9 -302.1 0 0 4.6 57100
2010 1 3 22 50 0 0 0 -4.5 -2.5 -298.7 0 0 4.9 65200
2010 1 3 23 0 0 0 0 -3.6 1 -311.5 0 0 7 82300
2010 1 3 23 10 0 0 0 -1.4 0.9 -308.5 0 0 6.6 104000
2010 1 3 23 20 0 0 0 -2 -0.7 -321.5 0 0 4.8 56200
2010 1 3 23 30 0 0 0 -3.4 -1 -312.7 0 0 6.5 91000
2010 1 3 23 40 0 0 0 -1.7 -2.4 -308.9 0 0 7.1 106000
2010 1 3 23 50 0 0 0 -3.4 -0.9 -310.2 0 0 7.8 89400
2010 1 4 0 0 0 0 0 -0.2 -1.4 -314.4 0 0 8.3 88000
2010 1 4 0 10 0 0 0 1.4 -0.8 -311.1 0 0 6.6 110000
2010 1 4 0 20 0 0 0 -1.8 0.9 -317.6 0 0 7.3 97200
2010 1 4 0 30 0 0 0 -1.9 2.7 -317.6 0 0 7.8 74400
2010 1 4 0 40 0 0 0 0.7 1.8 -317.5 0 0 7.6 77800
2010 1 4 0 50 0 0 0 -1.8 1.9 -320.3 0 0 8.5 82000
2010 1 4 1 0 0 0 0 1.8 1.9 -314.1 0 0 6.7 70300
2010 1 4 1 10 0 0 0 1.7 1.9 -317.8 0 0 7.8 78200
2010 1 4 1 20 0 0 0 -0.3 3.6 -318.6 0 0 7.3 64600
2010 1 4 1 30 0 0 0 0.5 3.6 -317.1 0 0 9 79200
2010 1 4 1 40 0 0 0 -1.8 2.3 -308.7 0 0 6.6 93700
2010 1 4 1 50 0 0 0 -3.9 0.9 -305.1 0 0 4.6 80900
2010 1 4 2 0 0 0 0 -1.6 3.4 -317 0 0 8.8 59300
2010 1 4 2 10 0 0 0 -0.8 3.6 -314.9 0 0 8 64100
2010 1 4 2 20 0 0 0 -4.5 0.3 -315.5 0 0 7.3 45200
2010 1 4 2 30 0 0 0 0.7 2.1 -315.7 0 0 6.4 54700
2010 1 4 2 40 0 0 0 -0.2 2.1 -312.3 0 0 8.1 52400
2010 1 4 2 50 0 0 0 -0.1 1.3 -314 0 0 7.5 49200
2010 1 4 3 0 0 0 0 1.7 1.2 -320.9 0 0 8.8 45700
2010 1 4 3 10 0 0 0 1.9 0.9 -318.6 0 0 9.6 44700
2010 1 4 3 20 0 0 0 1.9 0.5 -322.3 0 0 9.5 47300
2010 1 4 3 30 0 0 0 1.9 0.4 -321.3 0 0 10.4 48300
2010 1 4 3 40 0 0 0 1.6 -0 -322 0 0 9.3 42600
2010 1 4 3 50 0 0 0 4.5 0.3 -319.7 0 0 8.4 48200
2010 1 4 4 0 0 0 0 4.8 0.3 -319.5 0 0 7.4 47600
2010 1 4 4 10 0 0 0 5.2 -0.1 -324.2 0 0 11.5 44900
2010 1 4 4 20 0 0 0 6.1 0 -319.2 0 0 6.5 50300
2010 1 4 4 30 0 0 0 6.3 -0.1 -314.5 0 0 5.1 45700
2010 1 4 4 40 0 0 0 6.3 -0.2 -311.2 0 0 5.1 68600
2010 1 4 4 50 0 0 0 6.1 -0.4 -315.6 0 0 5.2 50100
2010 1 4 5 0 0 0 0 6.1 -0.9 -315 0 0 7.7 54600
2010 1 4 5 10 0 0 0 6.8 -0.8 -313.7 0 0 5.1 55900
2010 1 4 5 20 0 0 0 6.9 0.4 -317.1 0 0 5.1 70800
2010 1 4 5 30 0 0 0 7.2 -1.4 -319.2 0 0 4.1 55800
2010 1 4 5 40 0 0 0 6.6 -2.6 -313.8 0 0 4.2 79100
2010 1 4 5 50 0 0 0 7.3 -1.6 -310 0 0 4.6 65200
2010 1 4 6 0 0 0 0 5.3 -4.6 -316.2 0 0 4 62900
2010 1 4 6 10 0 0 0 6.6 -2.8 -308.9 0 0 4.6 70000
2010 1 4 6 20 0 0 0 6 -4.1 -307.6 0 0 4 69700
2010 1 4 6 30 0 0 0 5.5 -4.2 -311.2 0 0 3.4 55400
2010 1 4 6 40 0 0 0 4.7 -4.6 -303.9 0 0 3.8 83300
2010 1 4 6 50 0 0 0 3.1 -5 -307.6 0 0 5.1 86600
2010 1 4 7 0 0 0 0 3.2 -4.8 -301.5 0 0 4 99300
2010 1 4 7 10 0 0 0 3.2 -5.6 -302.5 0 0 3.3 88500
2010 1 4 7 20 0 0 0 4.5 -3.7 -312.3 0 0 3.3 88400
2010 1 4 7 30 0 0 0 6.3 -1.9 -300.3 0 0 2.8 78300
2010 1 4 7 40 0 0 0 5.9 -1.8 -298.2 0 0 3 83500
2010 1 4 7 50 0 0 0 1.6 -3.8 -312.8 0 0 3.2 106000
2010 1 4 8 0 0 0 0 6.5 2.5 -310.1 0 0 2.7 46500
2010 1 4 8 10 0 0 0 7.3 0.1 -317.6 0 0 2.6 40200
2010 1 4 8 20 0 0 0 7.4 -1.1 -310.4 0 0 2.7 57600
2010 1 4 8 30 0 0 0 7.3 0.3 -312.5 0 0 2.9 69000
2010 1 4 8 40 0 0 0 7.4 0.2 -284.3 0 0 2.1 95400
2010 1 4 8 50 0 0 0 6.3 -2 -290.7 0 0 2.8 114000
2010 1 4 9 0 0 0 0 1.5 -3.5 -301.8 0 0 3.3 110000
2010 1 4 9 10 0 0 0 3.2 -3.2 -306.5 0 0 4.4 143000
2010 1 4 9 20 0 0 0 3.8 -3.1 -301.9 0 0 3.7 168000
2010 1 4 9 30 0 0 0 4.1 -3.2 -300 0 0 3.2 166000
2010 1 4 9 40 0 0 0 5.4 -1.4 -299 0 0 2.7 158000
2010 1 4 9 50 0 0 0 5.6 -2.1 -311.5 0 0 3.3 115000
2010 1 4 10 0 0 0 0 4.3 3.2 -312.7 0 0 4.9 128000
2010 1 4 10 10 0 0 0 5.1 1.1 -315.8 0 0 4.8 123000
2010 1 4 10 20 0 0 0 3.8 2.7 -332.5 0 0 3.2 67000
2010 1 4 10 30 0 0 0 5.2 -1.6 -319.5 0 0 2.3 55700
2010 1 4 10 40 0 0 0 5.2 -1.2 -324.2 0 0 2.3 54000
2010 1 4 10 50 0 0 0 4.8 -2.9 -322.3 0 0 2 44700
2010 1 4 11 0 0 0 0 5.2 -0.4 -325 0 0 3 70300
2010 1 4 11 10 0 0 0 3.5 -3 -305.1 0 0 3 129000
2010 1 4 11 20 0 0 0 5.8 -0.3 -305.1 0 0 3.3 174000
2010 1 4 11 30 0 0 0 5.5 -1.2 -325.6 0 0 3.2 58000
2010 1 4 11 40 0 0 0 5.6 -0.7 -324 0 0 2.5 65100
2010 1 4 11 50 0 0 0 5.4 -1.8 -315.9 0 0 3.4 118000
2010 1 4 12 0 0 0 0 5.5 -1.4 -324.7 0 0 2.8 57900
2010 1 4 12 10 0 0 0 5.3 -1.5 -317 0 0 1.9 71400
2010 1 4 12 20 0 0 0 5.4 -1.6 -323.7 0 0 1.5 63800
2010 1 4 12 30 0 0 0 4.9 -1.9 -322.1 0 0 1.8 64000
2010 1 4 12 40 0 0 0 4.1 -3.3 -326.6 0 0 3.2 54300
2010 1 4 12 50 0 0 0 4.5 -0.8 -319.3 0 0 1.5 58300
2010 1 4 13 0 0 0 0 4.9 -1.7 -323.9 0 0 1.6 52400
2010 1 4 13 10 0 0 0 4.4 -1.7 -285.3 0 0 2.3 150000
2010 1 4 13 20 0 0 0 5.1 -0.8 -303.7 0 0 2.6 159000
2010 1 4 13 30 0 0 0 4.6 -0.8 -285.3 0 0 2.1 138000
2010 1 4 13 40 0 0 0 4.6 -1.1 -291.5 0 0 2.3 128000
2010 1 4 13 50 0 0 0 4.7 0.1 -294 0 0 1.8 143000
2010 1 4 14 0 0 0 0 4.3 0.6 -293.1 0 0 2.2 134000
2010 1 4 14 10 0 0 0 3.8 0.9 -290.6 0 0 1.9 113000
2010 1 4 14 20 0 0 0 3.5 1.1 -292 0 0 2.2 140000
2010 1 4 14 30 0 0 0 4.6 0.3 -283.4 0 0 2.1 147000
2010 1 4 14 40 0 0 0 4 1.1 -269.9 0 0 2.3 131000
2010 1 4 14 50 0 0 0 4.2 1.3 -269.7 0 0 2 145000
2010 1 4 15 0 0 0 0 3.8 0.7 -267.6 0 0 2.5 148000
2010 1 4 15 10 0 0 0 4.2 0.4 -276.8 0 0 2.2 166000
2010 1 4 15 20 0 0 0 4.7 0.4 -267.9 0 0 2.5 106000
2010 1 4 15 30 0 0 0 5.9 0.5 -274.4 0 0 2.2 99100
2010 1 4 15 40 0 0 0 2 2 -274.2 0 0 2 106000
2010 1 4 15 50 0 0 0 2.1 0.8 -254.4 0 0 1 22700
2010 1 4 16 0 0 0 0 3.4 1 -278.6 0 0 1.5 111000
2010 1 4 16 10 0 0 0 3.7 0.9 -261.6 0 0 1 16200
2010 1 4 16 20 0 0 0 4.3 -0 -263.1 0 0 1.1 32500
2010 1 4 16 30 0 0 0 5.4 0.1 -270.3 0 0 1.7 69900
2010 1 4 16 40 0 0 0 5.4 0.3 -265.6 0 0 1.7 80500
2010 1 4 16 50 0 0 0 5 2.1 -273.7 0 0 1.9 68500
2010 1 4 17 0 0 0 0 5.5 1.6 -257.4 0 0 1.2 33800
2010 1 4 17 10 0 0 0 5.7 1.7 -268.8 0 0 1.4 57700
2010 1 4 17 20 0 0 0 5.6 1.9 -269.8 0 0 1.9 41800
2010 1 4 17 30 0 0 0 5.6 1.9 -265.5 0 0 1.7 36000
2010 1 4 17 40 0 0 0 4.9 1.6 -271 0 0 2.3 62500
2010 1 4 17 50 0 0 0 5.1 1 -250.1 0 0 1.4 38600
2010 1 4 18 0 0 0 0 5.3 1.2 -251 0 0 1.8 35000
2010 1 4 18 10 0 0 0 5.9 1.5 -266.8 0 0 1.9 51300
2010 1 4 18 20 0 0 0 4.5 2.6 -248.8 0 0 1.6 36000
2010 1 4 18 30 0 0 0 5.7 1.4 -255.1 0 0 1.4 36300
2010 1 4 18 40 0 0 0 5.8 1.4 -254.7 0 0 1.5 21600
2010 1 4 18 50 0 0 0 5.8 1.3 -253.4 0 0 1.2 29200
2010 1 4 19 0 0 0 0 5.8 1.3 -254.1 0 0 1 21100
2010 1 4 19 10 0 0 0 5.4 -1.2 -253.3 0 0 1.2 40200
2010 1 4 19 20 0 0 0 3.7 2.8 -242.8 0 0 2 33700
2010 1 4 19 30 0 0 0 3.8 3.2 -259.7 0 0 1.7 25800
2010 1 4 19 40 0 0 0 3.8 3.3 -256.3 0 0 1.6 36400
2010 1 4 19 50 0 0 0 3.3 3.4 -258.2 0 0 1.8 29700
2010 1 4 20 0 0 0 0 3.6 3 -254.3 0 0 1.5 30800
2010 1 4 20 10 0 0 0 4.6 0.7 -279 0 0 2.7 52100
2010 1 4 20 20 0 0 0 3.7 2.2 -271.7 0 0 2.3 65500
2010 1 4 20 30 0 0 0 3.9 1.8 -273.6 0 0 2.5 38800
2010 1 4 20 40 0 0 0 3 2.7 -273.4 0 0 2.9 48800
2010 1 4 20 50 0 0 0 3.9 1.4 -269.3 0 0 2.6 41900
2010 1 4 21 0 0 0 0 4.8 1.5 -277 0 0 2.2 51900
2010 1 4 21 10 0 0 0 4.7 1.9 -284.2 0 0 2.4 55300
2010 1 4 21 20 0 0 0 4.7 1 -278 0 0 2.6 44700
2010 1 4 21 30 0 0 0 5.6 -0.8 -271 0 0 1.8 41300
2010 1 4 21 40 0 0 0 5.6 -0.5 -276 0 0 1.9 56300
2010 1 4 21 50 0 0 0 5.3 1.4 -284.2 0 0 1.8 53200
2010 1 4 22 0 0 0 0 5.4 0.6 -282.2 0 0 2 74500
2010 1 4 22 10 0 0 0 3.6 3.1 -282.8 0 0 1.7 55600
2010 1 4 22 20 0 0 0 2.8 3.1 -279.4 0 0 1.9 52600
2010 1 4 22 30 0 0 0 4.3 2.2 -271.2 0 0 1.9 45600
2010 1 4 22 40 0 0 0 5.9 1.7 -279.9 0 0 0.7 48700
2010 1 4 22 50 0 0 0 4.9 3.2 -273.1 0 0 1.3 42400
2010 1 4 23 0 0 0 0 5.5 2.4 -287.6 0 0 1.3 45100
2010 1 4 23 10 0 0 0 3.6 4 -323.3 0 0 3.6 34500
2010 1 4 23 20 0 0 0 2.1 4.7 -326.7 0 0 4.1 36800
2010 1 4 23 30 0 0 0 2.3 4.6 -313.1 0 0 3.6 29200
2010 1 4 23 40 0 0 0 3.1 4.5 -305 0 0 3.6 21600
2010 1 4 23 50 0 0 0 3.2 4.4 -307.3 0 0 2.9 26800
2010 1 5 0 0 0 0 0 3.8 4 -302 0 0 2.8 21900
2010 1 5 0 10 0 0 0 4.1 3.4 -300.2 0 0 2.7 24000
2010 1 5 0 20 0 0 0 3.4 2.3 -298.7 0 0 3.3 54200
2010 1 5 0 30 0 0 0 -3 -0.4 -288.3 0 0 3.7 52800
2010 1 5 0 40 0 0 0 -2.5 0.5 -297.8 0 0 3.7 47900
2010 1 5 0 50 0 0 0 -2.7 0.3 -294.5 0 0 4.2 46200
2010 1 5 1 0 0 0 0 -1.7 0.4 -294.3 0 0 4.4 54400
2010 1 5 1 10 0 0 0 -2 -0.8 -292.5 0 0 3.6 53000
2010 1 5 1 20 0 0 0 0.2 0.9 -303.3 0 0 4.8 41600
2010 1 5 1 30 0 0 0 0.5 3.3 -309.4 0 0 3.9 36500
2010 1 5 1 40 0 0 0 0.2 2.5 -307.7 0 0 4.4 27300
2010 1 5 1 50 0 0 0 0 2.1 -314.9 0 0 5.9 30100
2010 1 5 2 0 0 0 0 -0.1 1.5 -305.5 0 0 4 34700
2010 1 5 2 10 0 0 0 1.2 2.1 -304.6 0 0 4.3 35100
2010 1 5 2 20 0 0 0 1.2 1.5 -303.7 0 0 4.7 36600
2010 1 5 2 30 0 0 0 2.4 -0.1 -302.7 0 0 3.6 42700
2010 1 5 2 40 0 0 0 -1.3 0.5 -314.2 0 0 6.2 27800
2010 1 5 2 50 0 0 0 -1.1 1.2 -304.6 0 0 4.6 33600
2010 1 5 3 0 0 0 0 0.2 1.9 -303.6 0 0 3.6 47200
2010 1 5 3 10 0 0 0 0.3 2.3 -309.9 0 0 4.5 37500
2010 1 5 3 20 0 0 0 0.2 1.6 -308.7 0 0 4.9 37000
2010 1 5 3 30 0 0 0 0.9 1.7 -306.3 0 0 4.7 34000
2010 1 5 3 40 0 0 0 1 1.3 -304.7 0 0 4.8 31800
2010 1 5 3 50 0 0 0 1.3 1.4 -302.9 0 0 4.1 34800
2010 1 5 4 0 0 0 0 1.8 1.3 -304.4 0 0 3.6 36000
2010 1 5 4 10 0 0 0 1.8 1.1 -296.9 0 0 3.6 30100
2010 1 5 4 20 0 0 0 2.2 0.9 -296.9 0 0 3.3 34900
2010 1 5 4 30 0 0 0 2.3 0.3 -295.3 0 0 3.4 33000
2010 1 5 4 40 0 0 0 0.9 1.7 -302.7 0 0 3.7 35800
2010 1 5 4 50 0 0 0 1.4 2.5 -297.4 0 0 2.3 39800
2010 1 5 5 0 0 0 0 1.9 1.1 -295.8 0 0 3.4 30400
2010 1 5 5 10 0 0 0 1.9 0.4 -295 0 0 5.5 18700
2010 1 5 5 20 0 0 0 0.8 0.3 -299.9 0 0 4.6 28800
2010 1 5 5 30 0 0 0 1 2.7 -295.1 0 0 3.7 30600
2010 1 5 5 40 0 0 0 1.7 1.3 -300.9 0 0 3.5 29600
2010 1 5 5 50 0 0 0 1.9 -0 -295.4 0 0 4 25400
2010 1 5 6 0 0 0 0 2.1 -0.8 -292.7 0 0 4.9 20400
2010 1 5 6 10 0 0 0 1.7 0.4 -291.7 0 0 4.7 24000
2010 1 5 6 20 0 0 0 1.9 0.2 -292 0 0 3.4 25700
2010 1 5 6 30 0 0 0 0.9 3.4 -294.6 0 0 3.9 22000
2010 1 5 6 40 0 0 0 0.5 2.9 -290.5 0 0 2.9 20900
2010 1 5 6 50 0 0 0 1.7 1.3 -290.3 0 0 3.1 30000
2010 1 5 7 0 0 0 0 2.3 0.8 -288.6 0 0 4.4 22300
2010 1 5 7 10 0 0 0 1.6 1.4 -288.9 0 0 3.2 25800
2010 1 5 7 20 0 0 0 1.3 0.6 -296 0 0 3.7 29300
2010 1 5 7 30 0 0 0 1.8 0.1 -291.1 0 0 3.5 26300
2010 1 5 7 40 0 0 0 2.5 -0.4 -295.6 0 0 4 31400
2010 1 5 7 50 0 0 0 2.2 0 -292.6 0 0 3.3 31100
2010 1 5 8 0 0 0 0 3.1 -0.1 -301.6 0 0 3.3 30200
2010 1 5 8 10 0 0 0 4.5 -0.6 -291.4 0 0 2.8 25500
2010 1 5 8 20 0 0 0 4.6 -0.4 -291 0 0 3.1 18700
2010 1 5 8 30 0 0 0 4.6 -0.5 -292.5 0 0 3.3 20600
2010 1 5 8 40 0 0 0 4.4 -1.3 -294.3 0 0 2.4 22600
2010 1 5 8 50 0 0 0 4.4 -1.3 -296.2 0 0 3.9 20800
2010 1 5 9 0 0 0 0 4.8 -0.7 -298.1 0 0 3.4 22200
2010 1 5 9 10 0 0 0 4.4 -1.2 -283.5 0 0 1.7 28900
2010 1 5 9 20 0 0 0 4.4 -1.9 -295.2 0 0 2.1 28000
2010 1 5 9 30 0 0 0 4.6 -1.7 -302.5 0 0 1.4 20500
2010 1 5 9 40 0 0 0 5.2 -1.2 -289.2 0 0 2.2 22400
2010 1 5 9 50 0 0 0 4.7 -1.2 -299.5 0 0 2.3 33000
2010 1 5 10 0 0 0 0 4.7 -1.9 -291.8 0 0 2.5 29800
2010 1 5 10 10 0 0 0 4.5 -2.7 -290 0 0 2.6 22700
2010 1 5 10 20 0 0 0 3.5 -3.1 -288.7 0 0 1.9 19800
2010 1 5 10 30 0 0 0 4.5 -2.9 -284.9 0 0 1.6 25600
2010 1 5 10 40 0 0 0 4.8 -2.4 -300 0 0 0.5 24200
2010 1 5 10 50 0 0 0 4.5 -2.5 -284.2 0 0 1.7 26900
2010 1 5 11 0 0 0 0 4.9 -1.7 -287.2 0 0 1.7 19400
2010 1 5 11 10 0 0 0 4.9 -1.8 -302.6 0 0 0.6 19900
2010 1 5 11 20 0 0 0 4.6 -2.3 -286.2 0 0 0.9 32400
2010 1 5 11 30 0 0 0 4.7 -1.9 -288.2 0 0 0.9 33000
2010 1 5 11 40 0 0 0 4.7 -2 -287.3 0 0 0.7 67100
2010 1 5 11 50 0 0 0 4.1 -3 -283.8 0 0 1.4 25400
2010 1 5 12 0 0 0 0 3.9 -3.4 -286.1 0 0 1.9 17500
2010 1 5 12 10 0 0 0 4.2 -2.3 -283.1 0 0 1.6 42400
2010 1 5 12 20 0 0 0 4.8 -1.4 -287.1 0 0 2.3 23700
2010 1 5 12 30 0 0 0 5 -0.8 -285.1 0 0 1.7 22800
2010 1 5 12 40 0 0 0 4.7 -1.7 -282.2 0 0 1 22600
2010 1 5 12 50 0 0 0 4.3 -2.2 -304 0 0 0.7 25200
2010 1 5 13 0 0 0 0 4.2 -2.5 -287.9 0 0 1.1 27200
2010 1 5 13 10 0 0 0 4.6 -1.6 -292.2 0 0 1.1 36800
2010 1 5 13 20 0 0 0 4.7 -1.2 -287.2 0 0 2.1 19400
2010 1 5 13 30 0 0 0 4.2 -2.5 -289.4 0 0 1.9 13800
2010 1 5 13 40 0 0 0 4.2 -2.8 -288.6 0 0 2.1 22800
2010 1 5 13 50 0 0 0 3.1 -3.9 -283.7 0 0 1.3 18500
2010 1 5 14 0 0 0 0 2.3 -3.6 -312.7 0 0 2.2 34600
2010 1 5 14 10 0 0 0 2.3 -4.2 -297.2 0 0 1.7 29300
2010 1 5 14 20 0 0 0 4.1 -2.7 -281.2 0 0 0.9 36800
2010 1 5 14 30 0 0 0 4.5 -2.1 -274.8 0 0 1.2 17900
2010 1 5 14 40 0 0 0 4.4 -2.6 -281.3 0 0 2 14600
2010 1 5 14 50 0 0 0 4.3 -2.7 -281 0 0 1.7 12000
2010 1 5 15 0 0 0 0 4.2 -2.9 -282.1 0 0 1.7 15700
2010 1 5 15 10 0 0 0 4.6 -2.2 -278.2 0 0 1.1 18000
2010 1 5 15 20 0 0 0 4.5 -2.7 -273.4 0 0 1.2 11700
2010 1 5 15 30 0 0 0 4.5 -2.5 -285.4 0 0 1.8 16000
2010 1 5 15 40 0 0 0 4.3 -2.5 -277.4 0 0 1.6 12000
2010 1 5 15 50 0 0 0 4.3 -2.6 -285.6 0 0 1.9 16700
2010 1 5 16 0 0 0 0 4.6 -1.7 -279.7 0 0 1.3 11400
2010 1 5 16 10 0 0 0 3.5 -2.4 -304.2 0 0 1.7 33200
2010 1 5 16 20 0 0 0 4.5 -0.9 -283 0 0 1.9 27200
2010 1 5 16 30 0 0 0 4.4 -0.9 -293.3 0 0 1.9 48700
2010 1 5 16 40 0 0 0 0.2 0.4 -284 0 0 2.3 48500
2010 1 5 16 50 0 0 0 -3.5 -0.2 -292 0 0 2.1 49400
2010 1 5 17 0 0 0 0 -3.6 -0.5 -303.5 0 0 3.3 50800
2010 1 5 17 10 0 0 0 -3.3 -0.8 -300.6 0 0 2 57700
2010 1 5 17 20 0 0 0 -3.3 -1.1 -300.8 0 0 2.4 56700
2010 1 5 17 30 0 0 0 -3.4 -1.2 -293.2 0 0 2.7 33600
2010 1 5 17 40 0 0 0 -3.4 -1.3 -295.8 0 0 2 41000
2010 1 5 17 50 0 0 0 -2.7 -1.6 -297.6 0 0 2.5 64100
2010 1 5 18 0 0 0 0 -4.1 -1.2 -295 0 0 2.4 28000
2010 1 5 18 10 0 0 0 -3.5 -1.6 -296.1 0 0 2.9 39600
2010 1 5 18 20 0 0 0 -3.3 -1.6 -293.7 0 0 2.8 43300
2010 1 5 18 30 0 0 0 -3.2 -1.5 -288.3 0 0 3 37500
2010 1 5 18 40 0 0 0 -3 -1.9 -295.9 0 0 2.5 58600
2010 1 5 18 50 0 0 0 -3.2 -1.8 -303.3 0 0 2 64800
2010 1 5 19 0 0 0 0 -4.5 3 -283.8 0 0 1.5 22400
2010 1 5 19 10 0 0 0 -4.9 2.5 -294.6 0 0 1.9 19300
2010 1 5 19 20 0 0 0 -4.2 3.7 -301.1 0 0 2 23100
2010 1 5 19 30 0 0 0 -4.4 3.5 -301.9 0 0 1.9 28300
2010 1 5 19 40 0 0 0 -4.8 2.2 -316.5 0 0 1.2 39300
2010 1 5 19 50 0 0 0 -4.3 3.7 -298.9 0 0 2.2 38900
2010 1 5 20 0 0 0 0 -3.9 3.9 -310.4 0 0 2.1 43800
2010 1 5 20 10 0 0 0 -4.3 3.4 -316.2 0 0 2.3 35800
2010 1 5 20 20 0 0 0 -5 2.2 -302.1 0 0 2.3 35400
2010 1 5 20 30 0 0 0 -5.1 1.3 -292.5 0 0 1.8 34900
2010 1 5 20 40 0 0 0 -4.8 0.7 -309.5 0 0 0.8 43300
2010 1 5 20 50 0 0 0 -4.4 3.6 -329.5 0 0 0.1 27800
2010 1 5 21 0 0 0 0 -4.4 3.7 -303.8 0 0 1.6 23300
2010 1 5 21 10 0 0 0 -4.9 3.5 -298.9 0 0 0.9 26800
2010 1 5 21 20 0 0 0 -4.7 3.8 -296 0 0 1.3 25600
2010 1 5 21 30 0 0 0 -4.9 3.2 -301.6 0 0 1.2 31400
2010 1 5 21 40 0 0 0 -5 2.2 -288.6 0 0 0.8 25500
2010 1 5 21 50 0 0 0 -5.5 0.5 -306 0 0 0.7 16500
2010 1 5 22 0 0 0 0 -4.7 2.6 -314.4 0 0 2 29800
2010 1 5 22 10 0 0 0 -4.6 0.7 -337.9 0 0 2.6 32300
2010 1 5 22 20 0 0 0 -4.9 1.6 -330.3 0 0 0.8 44500
2010 1 5 22 30 0 0 0 -4.9 1.7 -327 0 0 1.1 63000
2010 1 5 22 40 0 0 0 -4.3 2.5 -313.9 0 0 1.3 36400
2010 1 5 22 50 0 0 0 -5 -0.7 -332.1 0 0 1.4 61300
2010 1 5 23 0 0 0 0 -4.5 0.4 -339.6 0 0 3 31800
2010 1 5 23 10 0 0 0 -4.6 0.4 -320.2 0 0 1.8 36600
2010 1 5 23 20 0 0 0 -4.7 0.2 -323.1 0 0 0.9 46600
2010 1 5 23 30 0 0 0 -4.5 -0.8 -321.3 0 0 0.9 57400
2010 1 5 23 40 0 0 0 -4.5 -1.4 -321.3 0 0 1.1 51500
2010 1 5 23 50 0 0 0 -4.2 -1.6 -312.6 0 0 1.7 32500
2010 1 6 0 0 0 0 0 -4.4 -1.4 -318.1 0 0 1.4 34100
2010 1 6 0 10 0 0 0 -4.4 -2.2 -313.9 0 0 1.3 27400
2010 1 6 0 20 0 0 0 -4.3 -2.6 -321 0 0 1.3 29400
2010 1 6 0 30 0 0 0 -4.3 -2.8 -314.6 0 0 1.1 22200
2010 1 6 0 40 0 0 0 -3.8 -3.3 -315.6 0 0 1.1 30000
2010 1 6 0 50 0 0 0 -3.9 -3.3 -316.3 0 0 1 32900
2010 1 6 1 0 0 0 0 -3.7 -3.6 -318.6 0 0 0.9 35200
2010 1 6 1 10 0 0 0 -3.5 -3.8 -316.5 0 0 1.2 34800
2010 1 6 1 20 0 0 0 -3 -4.2 -323.2 0 0 1 46400
2010 1 6 1 30 0 0 0 -1.7 -4.3 -324.9 0 0 1.2 48600
2010 1 6 1 40 0 0 0 -2.5 -4.3 -333.4 0 0 1.6 47400
2010 1 6 1 50 0 0 0 -1.4 -4.8 -321.9 0 0 1 44600
2010 1 6 2 0 0 0 0 -3.7 -3.1 -326.2 0 0 0.8 68000
2010 1 6 2 10 0 0 0 -3.2 -3.6 -312.3 0 0 1 45500
2010 1 6 2 20 0 0 0 -2.6 -4.2 -320 0 0 0.8 29800
2010 1 6 2 30 0 0 0 -2.2 -4.4 -321 0 0 0.8 32000
2010 1 6 2 40 0 0 0 -1.4 -4.2 -329 0 0 1.1 51700
2010 1 6 2 50 0 0 0 -1.8 -3.4 -329.5 0 0 1.2 57600
2010 1 6 3 0 0 0 0 -2 -3.2 -326.3 0 0 1 61100
2010 1 6 3 10 0 0 0 -1.1 -3.9 -319.7 0 0 1.2 76500
2010 1 6 3 20 0 0 0 -1.1 -3.9 -316.9 0 0 1.3 68400
2010 1 6 3 30 0 0 0 -1.4 -3.9 -321.9 0 0 1.3 59500
2010 1 6 3 40 0 0 0 -0.7 -4.6 -317.1 0 0 1 43000
2010 1 6 3 50 0 0 0 -0.2 -4.5 -316.9 0 0 1.3 51300
2010 1 6 4 0 0 0 0 -0.7 -4.3 -324 0 0 0.9 61100
2010 1 6 4 10 0 0 0 -1.5 -2.9 -333.7 0 0 1.5 50800
2010 1 6 4 20 0 0 0 -2.3 -2.6 -322.6 0 0 1.3 73700
2010 1 6 4 30 0 0 0 -0.7 -3.9 -335.8 0 0 1.8 46400
2010 1 6 4 40 0 0 0 -1.8 -2.7 -338.3 0 0 1.6 65200
2010 1 6 4 50 0 0 0 -2.9 -0.8 -331.3 0 0 1.8 53200
2010 1 6 5 0 0 0 0 -0.2 4.1 -343 0 0 3.3 49800
2010 1 6 5 10 0 0 0 -0.7 4.2 -350.6 0 0 3.6 31900
2010 1 6 5 20 0 0 0 -0.9 4.2 -346.5 0 0 3.7 34000
2010 1 6 5 30 0 0 0 -0.4 4.3 -346.2 0 0 3.7 33200
2010 1 6 5 40 0 0 0 -1.3 4 -342.9 0 0 3.6 38700
2010 1 6 5 50 0 0 0 -0.8 4 -337.2 0 0 2.6 44600
2010 1 6 6 0 0 0 0 -0.6 4.3 -343.1 0 0 3 43200
2010 1 6 6 10 0 0 0 -1.2 -1.5 -347.7 0 0 3 49500
2010 1 6 6 20 0 0 0 -1.3 -0.2 -334.2 0 0 2.1 58900
2010 1 6 6 30 0 0 0 -1.8 0.3 -330 0 0 2 73500
2010 1 6 6 40 0 0 0 -1.4 1.4 -335.2 0 0 1.7 62600
2010 1 6 6 50 0 0 0 -0.9 1.9 -336.2 0 0 1.8 61900
2010 1 6 7 0 0 0 0 -0 2.3 -332.4 0 0 2.4 52100
2010 1 6 7 10 0 0 0 -0.7 2.7 -339.5 0 0 2.6 75400
2010 1 6 7 20 0 0 0 -1.8 1.7 -337.3 0 0 3.1 72500
2010 1 6 7 30 0 0 0 1.3 2.8 -332.8 0 0 3.8 48000
2010 1 6 7 40 0 0 0 1.3 3 -333.6 0 0 2.8 53900
2010 1 6 7 50 0 0 0 2 2.9 -331.6 0 0 3.1 46500
2010 1 6 8 0 0 0 0 1.2 2.7 -331 0 0 3.1 56200
2010 1 6 8 10 0 0 0 -3.7 1.5 -338.1 0 0 2.1 57900
2010 1 6 8 20 0 0 0 0.3 3.6 -342.9 0 0 4.3 48100
2010 1 6 8 30 0 0 0 1.2 3.6 -343.9 0 0 3.5 44400
2010 1 6 8 40 0 0 0 -0.4 3.8 -339.5 0 0 3.2 49800
2010 1 6 8 50 0 0 0 -2.7 1.8 -342 0 0 1.5 60800
2010 1 6 9 0 0 0 0 -1.7 2.8 -333.4 0 0 1.8 80200
2010 1 6 9 10 0 0 0 1.4 3.7 -346.4 0 0 3.6 41700
2010 1 6 9 20 0 0 0 -0.5 3.3 -349 0 0 4 42800
2010 1 6 9 30 0 0 0 -0.1 3.9 -338 0 0 3.6 39100
2010 1 6 9 40 0 0 0 0.3 3.8 -337.9 0 0 3.4 50600
2010 1 6 9 50 0 0 0 0.6 3.8 -336.1 0 0 3.2 49900
2010 1 6 10 0 0 0 0 1.6 3.1 -334.1 0 0 3.3 50500
2010 1 6 10 10 0 0 0 0.5 3.6 -332.1 0 0 3 42800
2010 1 6 10 20 0 0 0 0.7 4 -334.9 0 0 2.6 44000
2010 1 6 10 30 0 0 0 1.8 3.5 -337.1 0 0 3.3 43100
2010 1 6 10 40 0 0 0 -3.2 -0.6 -330.6 0 0 2.3 39400
2010 1 6 10 50 0 0 0 -2.9 1.7 -333.3 0 0 2.6 42900
2010 1 6 11 0 0 0 0 -2.6 -1.2 -329.6 0 0 2.8 46200
2010 1 6 11 10 0 0 0 -3.2 0.2 -333 0 0 1.7 42100
2010 1 6 11 20 0 0 0 -2.8 -0.3 -328.7 0 0 2.6 52100
2010 1 6 11 30 0 0 0 -3.3 -1 -336.5 0 0 2.2 42300
2010 1 6 11 40 0 0 0 -3 -0.7 -331.5 0 0 3.2 47100
2010 1 6 11 50 0 0 0 -3.1 1.5 -331 0 0 2 38700
2010 1 6 12 0 0 0 0 -3.1 1.6 -326.3 0 0 1.7 61300
2010 1 6 12 10 0 0 0 -2.2 2.3 -332.2 0 0 2.3 52800
2010 1 6 12 20 0 0 0 -2.3 2.4 -334.1 0 0 2 43700
2010 1 6 12 30 0 0 0 -2.1 2.4 -332.3 0 0 2.1 46400
2010 1 6 12 40 0 0 0 -1.2 3.4 -336.4 0 0 2.2 41100
2010 1 6 12 50 0 0 0 -2.2 3 -333.2 0 0 1.6 45800
2010 1 6 13 0 0 0 0 -0.6 3.8 -332 0 0 2.5 46500
2010 1 6 13 10 0 0 0 -0.6 4.1 -333.2 0 0 2.3 44600
2010 1 6 13 20 0 0 0 -0 4.1 -330 0 0 2.5 51000
2010 1 6 13 30 0 0 0 0.6 3.8 -333 0 0 3.5 42200
2010 1 6 13 40 0 0 0 1.7 2.9 -335.8 0 0 3.3 39300
2010 1 6 13 50 0 0 0 0.9 3.3 -331.7 0 0 3 44400
2010 1 6 14 0 0 0 0 -0.2 3.4 -326.8 0 0 2.4 47500
2010 1 6 14 10 0 0 0 1.9 0.7 -338.9 0 0 5.7 27200
2010 1 6 14 20 0 0 0 1.3 -1.8 -340 0 0 5.2 22500
2010 1 6 14 30 0 0 0 1.8 -1.1 -337.8 0 0 5.7 26100
2010 1 6 14 40 0 0 0 0.2 -1 -346.6 0 0 6.6 23500
2010 1 6 14 50 0 0 0 -0.4 -0.6 -342.9 0 0 6.1 33900
2010 1 6 15 0 0 0 0 -0.6 -0.4 -341.3 0 0 4.4 40100
2010 1 6 15 10 0 0 0 -1.6 -0.5 -338.6 0 0 3.8 41500
2010 1 6 15 20 0 0 0 -0.6 2.3 -334.2 0 0 3.1 44300
2010 1 6 15 30 0 0 0 0.5 2.4 -326.4 0 0 2.9 48700
2010 1 6 15 40 0 0 0 0.9 2.4 -326.6 0 0 2.6 47800
2010 1 6 15 50 0 0 0 0.2 2.7 -324.9 0 0 2.5 58300
2010 1 6 16 0 0 0 0 -1.4 2 -328.5 0 0 2.8 47500
2010 1 6 16 10 0 0 0 0.3 2.5 -328.3 0 0 2.8 54700
2010 1 6 16 20 0 0 0 0.7 2.3 -327.2 0 0 2.9 63700
2010 1 6 16 30 0 0 0 1.1 2.6 -331.8 0 0 2.6 37400
2010 1 6 16 40 0 0 0 0.4 3 -328.6 0 0 2.5 44900
2010 1 6 16 50 0 0 0 -0.7 2 -335.7 0 0 3 48700
2010 1 6 17 0 0 0 0 -2.8 0.7 -327.6 0 0 1.6 35300
2010 1 6 17 10 0 0 0 0.9 2.1 -333.4 0 0 4.5 40700
2010 1 6 17 20 0 0 0 -2.4 1.6 -321.9 0 0 2 38600
2010 1 6 17 30 0 0 0 2.2 -0.6 -321.6 0 0 2.4 47200
2010 1 6 17 40 0 0 0 2.7 0.5 -328.2 0 0 3.8 31000
2010 1 6 17 50 0 0 0 0.4 2.6 -333.4 0 0 4.2 27600
2010 1 6 18 0 0 0 0 2.3 1.7 -332.8 0 0 3.5 24800
2010 1 6 18 10 0 0 0 -1.3 2.8 -331.1 0 0 3 30700
2010 1 6 18 20 0 0 0 -2.4 1.6 -338.3 0 0 2.1 39200
2010 1 6 18 30 0 0 0 -2.2 1.4 -333.4 0 0 2.6 36300
2010 1 6 18 40 0 0 0 -1.3 2.7 -335.1 0 0 3.4 41000
2010 1 6 18 50 0 0 0 -1.8 2.3 -334.1 0 0 2.9 32300
2010 1 6 19 0 0 0 0 -1.5 2.7 -333.4 0 0 2.4 38900
2010 1 6 19 10 0 0 0 -3.2 1.1 -324.5 0 0 1.7 38700
2010 1 6 19 20 0 0 0 -3.1 0.2 -321 0 0 2.3 27200
2010 1 6 19 30 0 0 0 -3.1 1 -322 0 0 2.2 25600
2010 1 6 19 40 0 0 0 -2.9 1.7 -323.9 0 0 2.4 25000
2010 1 6 19 50 0 0 0 -2.3 1.7 -332.6 0 0 2.5 33800
2010 1 6 20 0 0 0 0 -2.9 0.8 -326 0 0 2 30700
2010 1 6 20 10 0 0 0 -2.9 0.7 -327.5 0 0 2.2 33000
2010 1 6 20 20 0 0 0 -2.7 0.9 -327.2 0 0 1.8 41900
2010 1 6 20 30 0 0 0 -1.7 -0.1 -331 0 0 0.9 52700
2010 1 6 20 40 0 0 0 -0.9 -0.6 -326.5 0 0 1.7 65500
2010 1 6 20 50 0 0 0 -0.6 0.7 -320.5 0 0 2.7 76900
2010 1 6 21 0 0 0 0 -1.4 0 -316.9 0 0 2.6 74300
2010 1 6 21 10 0 0 0 -0.6 0.8 -316.2 0 0 2.9 74500
2010 1 6 21 20 0 0 0 -0.5 1.3 -330.3 0 0 2.1 42600
2010 1 6 21 30 0 0 0 -0.9 1.6 -312.4 0 0 1.7 55500
2010 1 6 21 40 0 0 0 -1.8 1.6 -319.7 0 0 1.9 42300
2010 1 6 21 50 0 0 0 -1.8 1.8 -318.1 0 0 2.6 32100
2010 1 6 22 0 0 0 0 -2.4 1.7 -325.9 0 0 2.8 29600
2010 1 6 22 10 0 0 0 -2 1.8 -324.7 0 0 2.2 38100
2010 1 6 22 20 0 0 0 -2.4 1.8 -322.9 0 0 2.5 32400
2010 1 6 22 30 0 0 0 -2.5 1.9 -329.2 0 0 2.5 33100
2010 1 6 22 40 0 0 0 -1.9 0.4 -344.8 0 0 4.6 44200
2010 1 6 22 50 0 0 0 -1.8 -0.3 -329.9 0 0 2.7 74800
2010 1 6 23 0 0 0 0 -1.9 0.5 -314.6 0 0 2.4 60700
2010 1 6 23 10 0 0 0 -2.3 0.2 -312.8 0 0 2.9 43500
2010 1 6 23 20 0 0 0 -2.5 1.2 -318.7 0 0 3.2 42500
2010 1 6 23 30 0 0 0 -2.3 0.3 -318.2 0 0 1.8 47800
2010 1 6 23 40 0 0 0 -2.9 1 -313 0 0 2.9 45600
2010 1 6 23 50 0 0 0 -3.2 -0.2 -315.3 0 0 2.7 34200
2010 1 7 0 0 0 0 0 -3.3 0.1 -316.4 0 0 2.6 47300
2010 1 7 0 10 0 0 0 -3 0.5 -311.6 0 0 2.9 44800
2010 1 7 0 20 0 0 0 -2 -2 -308.3 0 0 2.3 56100
2010 1 7 0 30 0 0 0 -0.9 -1.6 -305.1 0 0 2.5 46800
2010 1 7 0 40 0 0 0 -1.7 -1.1 -320.9 0 0 0.9 47700
2010 1 7 0 50 0 0 0 -2.4 1.2 -323.3 0 0 3.3 49100
2010 1 7 1 0 0 0 0 -2.2 0.3 -323.4 0 0 3.2 53500
2010 1 7 1 10 0 0 0 -1.2 -0.5 -317 0 0 3.5 66400
2010 1 7 1 20 0 0 0 -1.9 -0.5 -326.4 0 0 2.9 51700
2010 1 7 1 30 0 0 0 -2.4 1.2 -326 0 0 3.2 40200
2010 1 7 1 40 0 0 0 -2 0.2 -321.2 0 0 3 49600
2010 1 7 1 50 0 0 0 -1.8 -0.2 -317.2 0 0 3.3 53500
2010 1 7 2 0 0 0 0 -2 -0.4 -316.2 0 0 3.6 54300
2010 1 7 2 10 0 0 0 -2 -0.5 -313.6 0 0 3.3 51400
2010 1 7 2 20 0 0 0 -2.1 -1.2 -317.4 0 0 3.6 47200
2010 1 7 2 30 0 0 0 -2.4 -0.7 -320.3 0 0 2.6 51600
2010 1 7 2 40 0 0 0 -2.2 -1.5 -312.7 0 0 3.3 50300
2010 1 7 2 50 0 0 0 -1.8 -1.8 -330.1 0 0 1.6 36700
2010 1 7 3 0 0 0 0 -1.9 -2.4 -306.9 0 0 2.8 48100
2010 1 7 3 10 0 0 0 -2.2 -2.1 -324.9 0 0 2.1 37500
2010 1 7 3 20 0 0 0 -2.1 -2.3 -312.3 0 0 2.9 48400
2010 1 7 3 30 0 0 0 -1.8 -2.6 -315.5 0 0 2.4 44400
2010 1 7 3 40 0 0 0 -1.7 -2.7 -317.3 0 0 2.2 45600
2010 1 7 3 50 0 0 0 -1.6 -1.6 -306.5 0 0 2.6 59900
2010 1 7 4 0 0 0 0 -1.8 -1.8 -307.1 0 0 2.4 52300
2010 1 7 4 10 0 0 0 -1.4 -2.7 -305 0 0 2.9 54400
2010 1 7 4 20 0 0 0 -2.2 -2 -306.5 0 0 2.5 44700
2010 1 7 4 30 0 0 0 -2.2 -2 -314.3 0 0 1.5 41600
2010 1 7 4 40 0 0 0 -2 -2.1 -300.3 0 0 2.5 45800
2010 1 7 4 50 0 0 0 -1.2 -2.1 -301.6 0 0 2.5 61200
2010 1 7 5 0 0 0 0 -1.7 -2 -304.2 0 0 2.4 55100
2010 1 7 5 10 0 0 0 -2.9 -0.3 -305.2 0 0 2.7 48500
2010 1 7 5 20 0 0 0 -2.5 -0.8 -301.3 0 0 2.7 47400
2010 1 7 5 30 0 0 0 -2.4 -2 -304 0 0 2.6 39700
2010 1 7 5 40 0 0 0 -3.1 -0.4 -322.2 0 0 1.4 30900
2010 1 7 5 50 0 0 0 -2.7 1.3 -321.8 0 0 1.3 38000
2010 1 7 6 0 0 0 0 -2.7 1.6 -308.4 0 0 2.8 44500
2010 1 7 6 10 0 0 0 -2.3 1.8 -304.3 0 0 2.9 45300
2010 1 7 6 20 0 0 0 -1.7 2.6 -307.3 0 0 2 49500
2010 1 7 6 30 0 0 0 -1.8 1.9 -305.8 0 0 1.4 72200
2010 1 7 6 40 0 0 0 -2.7 -0.3 -298.2 0 0 1.6 60200
2010 1 7 6 50 0 0 0 -2.2 0.7 -293.4 0 0 2.3 69400
2010 1 7 7 0 0 0 0 -2.4 0.8 -304.7 0 0 1.2 86700
2010 1 7 7 10 0 0 0 -2.3 0.8 -293.5 0 0 1.6 65900
2010 1 7 7 20 0 0 0 -2.4 0.6 -319.1 0 0 0.6 43500
2010 1 7 7 30 0 0 0 -2.2 1.3 -319.4 0 0 0.4 40100
2010 1 7 7 40 0 0 0 -1.5 1.3 -293.6 0 0 1.5 85700
2010 1 7 7 50 0 0 0 -1.9 1.5 -289 0 0 1.4 69000
2010 1 7 8 0 0 0 0 -1.8 1.2 -287.3 0 0 1.9 41200
2010 1 7 8 10 0 0 0 -1.8 1 -274.8 0 0 1 11900
2010 1 7 8 20 0 0 0 -2.4 2.2 -299.4 0 0 2.6 33500
2010 1 7 8 30 0 0 0 -2.5 1.7 -298.9 0 0 2.2 39900
2010 1 7 8 40 0 0 0 -1.2 2.1 -296.8 0 0 1.3 71100
2010 1 7 8 50 0 0 0 -1.3 3.1 -302.5 0 0 2 42200
2010 1 7 9 0 0 0 0 -2 2.2 -300.1 0 0 2.1 42200
2010 1 7 9 10 0 0 0 -2.8 2.1 -303.5 0 0 2.6 28500
2010 1 7 9 20 0 0 0 -2.8 2 -304.9 0 0 2.4 25200
2010 1 7 9 30 0 0 0 -2.6 1.8 -327.1 0 0 5.2 33000
2010 1 7 9 40 0 0 0 -0 3.8 -323.4 0 0 3.8 18600
2010 1 7 9 50 0 0 0 -0.3 3.5 -318.7 0 0 3.4 22700
2010 1 7 10 0 0 0 0 -2.5 2.6 -318.8 0 0 0.5 15400
2010 1 7 10 10 0 0 0 -2.7 2.3 -322.6 0 0 2.7 23700
2010 1 7 10 20 0 0 0 -3.5 0.2 -302.4 0 0 2.4 24200
2010 1 7 10 30 0 0 0 -3.4 1.2 -301.3 0 0 2.7 16800
2010 1 7 10 40 0 0 0 -2.4 2 -302.3 0 0 2.9 15400
2010 1 7 10 50 0 0 0 -3.7 0.1 -301.7 0 0 2.4 14800
2010 1 7 11 0 0 0 0 -2.8 2.2 -293.3 0 0 2.7 14600
2010 1 7 11 10 0 0 0 -1.4 2.7 -283.1 0 0 1.5 42200
2010 1 7 11 20 0 0 0 -1.2 2.5 -281.9 0 0 1.5 48100
2010 1 7 11 30 0 0 0 -0.9 2.1 -277.4 0 0 1.6 53800
2010 1 7 11 40 0 0 0 -1.5 2.3 -279.4 0 0 1.9 36300
2010 1 7 11 50 0 0 0 -2.1 2.8 -285.5 0 0 1.8 25900
2010 1 7 12 0 0 0 0 -1.7 2.1 -277.3 0 0 1.8 20100
2010 1 7 12 10 0 0 0 -2.5 1.7 -280.2 0 0 1.9 26600
2010 1 7 12 20 0 0 0 -2.6 2.7 -293 0 0 2.1 22400
2010 1 7 12 30 0 0 0 -3.1 1.7 -282.8 0 0 2.6 28200
2010 1 7 12 40 0 0 0 -3.1 1.8 -286.3 0 0 2.1 30600
2010 1 7 12 50 0 0 0 -2.7 2.9 -289 0 0 3.2 21900
2010 1 7 13 0 0 0 0 -1.7 3 -290 0 0 3.2 21600
2010 1 7 13 10 0 0 0 -0.3 3.7 -298.3 0 0 2.5 19500
2010 1 7 13 20 0 0 0 -0.2 3.4 -309.2 0 0 3.7 19800
2010 1 7 13 30 0 0 0 0.3 3.4 -306.6 0 0 3.4 26300
2010 1 7 13 40 0 0 0 -2.2 2.5 -299.1 0 0 3.9 17200
2010 1 7 13 50 0 0 0 -2.7 2.2 -293.1 0 0 3.7 16400
2010 1 7 14 0 0 0 0 -2.6 2.4 -291.7 0 0 2.6 19300
2010 1 7 14 10 0 0 0 -3.7 0.5 -293.2 0 0 3.2 19400
2010 1 7 14 20 0 0 0 -3.5 0.7 -291.5 0 0 4.1 17600
2010 1 7 14 30 0 0 0 -3.4 1.4 -292.5 0 0 3.5 21000
2010 1 7 14 40 0 0 0 -3.3 1.9 -291.2 0 0 3.2 22200
2010 1 7 14 50 0 0 0 -3.4 1.8 -287.6 0 0 3.7 14700
2010 1 7 15 0 0 0 0 -3.5 1.6 -288.2 0 0 3.6 13900
2010 1 7 15 10 0 0 0 -3.6 1.7 -288.2 0 0 2.9 20900
2010 1 7 15 20 0 0 0 -3.4 1.8 -283.7 0 0 3.2 18500
2010 1 7 15 30 0 0 0 -2.9 2.3 -289.5 0 0 3.5 18000
2010 1 7 15 40 0 0 0 -2.5 2.7 -291.5 0 0 3.4 18600
2010 1 7 15 50 0 0 0 -2.9 2.1 -293.8 0 0 3.6 22700
2010 1 7 16 0 0 0 0 -3.2 1.8 -284.6 0 0 3.2 15900
2010 1 7 16 10 0 0 0 -3.3 1.2 -286.7 0 0 3.8 17200
2010 1 7 16 20 0 0 0 -3.3 1.2 -280.3 0 0 3.2 15600
2010 1 7 16 30 0 0 0 -3.4 0.5 -282.5 0 0 2.9 16800
2010 1 7 16 40 0 0 0 -3.3 0.3 -277.4 0 0 2.9 17700
2010 1 7 16 50 0 0 0 -3.3 0.3 -273.9 0 0 2.6 20400
2010 1 7 17 0 0 0 0 -2.9 -0.1 -272.2 0 0 2.2 22800
2010 1 7 17 10 0 0 0 -3.2 -1.2 -273.6 0 0 2.1 15700
2010 1 7 17 20 0 0 0 -2.8 2.1 -272.9 0 0 2.7 28200
2010 1 7 17 30 0 0 0 -3.3 0 -275.6 0 0 2.4 24400
2010 1 7 17 40 0 0 0 -2.3 -3.4 -283.1 0 0 3.3 17400
2010 1 7 17 50 0 0 0 -2.6 -2.8 -280.3 0 0 3.1 19600
2010 1 7 18 0 0 0 0 -2.9 -0.1 -268.9 0 0 2.2 23600
2010 1 7 18 10 0 0 0 -3 1.8 -274.1 0 0 3.3 17700
2010 1 7 18 20 0 0 0 -3.6 -1.3 -275.9 0 0 2.3 16700
2010 1 7 18 30 0 0 0 -3.9 1 -278.9 0 0 3 20000
2010 1 7 18 40 0 0 0 -3.6 1.4 -279.3 0 0 2.9 21600
2010 1 7 18 50 0 0 0 -2.4 -3.7 -285.1 0 0 3.2 20600
2010 1 7 19 0 0 0 0 -1 -4.1 -289 0 0 3.2 24100
2010 1 7 19 10 0 0 0 -3.3 -2.6 -285.8 0 0 2.4 16600
2010 1 7 19 20 0 0 0 -4 -0.2 -282 0 0 3.2 19800
2010 1 7 19 30 0 0 0 -3.8 0 -284 0 0 2.9 17900
2010 1 7 19 40 0 0 0 -0.7 -3.8 -292.3 0 0 3 21400
2010 1 7 19 50 0 0 0 -0.8 -3 -301 0 0 3.2 44800
2010 1 7 20 0 0 0 0 -1.6 -3.4 -295.7 0 0 3.7 25500
2010 1 7 20 10 0 0 0 -2.2 -0.6 -284.9 0 0 2.7 47700
2010 1 7 20 20 0 0 0 -2.4 0.4 -282.5 0 0 2.5 48400
2010 1 7 20 30 0 0 0 -2.8 -1 -288.7 0 0 2.5 38600
2010 1 7 20 40 0 0 0 -2.6 -1.9 -289.4 0 0 3 30900
2010 1 7 20 50 0 0 0 -2.1 -2.2 -288.4 0 0 3.6 30300
2010 1 7 21 0 0 0 0 -2.2 -2.7 -289.3 0 0 2.9 26400
2010 1 7 21 10 0 0 0 -3.1 -1.4 -287.4 0 0 3.2 33600
2010 1 7 21 20 0 0 0 -3.6 1.6 -282.3 0 0 2.5 25500
2010 1 7 21 30 0 0 0 -2.9 0.5 -283 0 0 3 37500
2010 1 7 21 40 0 0 0 -3.1 -1.5 -289.3 0 0 3.2 24500
2010 1 7 21 50 0 0 0 -2.1 -2 -285.4 0 0 2.6 24000
2010 1 7 22 0 0 0 0 -3.6 -1 -284.2 0 0 2.5 17600
2010 1 7 22 10 0 0 0 -3.3 -1.3 -281.2 0 0 2.7 23200
2010 1 7 22 20 0 0 0 -2.6 -2.8 -283.3 0 0 1.4 21100
2010 1 7 22 30 0 0 0 -3 2 -280.3 0 0 1.6 22000
2010 1 7 22 40 0 0 0 -1.6 2.9 -279.1 0 0 2 18900
2010 1 7 22 50 0 0 0 -1.9 3 -285.3 0 0 1.7 24900
2010 1 7 23 0 0 0 0 -2.1 2.3 -285 0 0 1.6 25000
2010 1 7 23 10 0 0 0 -3.1 1.4 -282.5 0 0 1.3 35400
2010 1 7 23 20 0 0 0 -3.1 1.5 -286.4 0 0 1.9 37100
2010 1 7 23 30 0 0 0 -4.1 -0.3 -282.6 0 0 1.5 39000
2010 1 7 23 40 0 0 0 -3.9 0 -288.1 0 0 1.1 43500
2010 1 7 23 50 0 0 0 -3.7 -0.2 -282.5 0 0 2.1 41500
